20260819 21 1
20260819 21 2
20260819 21 3
20260819 21 4
20260819 21 5
20260819 21 6
20260819 21 7
20260819 21 8
20260819 21 9
20260819 21 10
20260819 21 11
20260819 21 12
20260819 28 1
20260819 28 2
20260819 28 3
20260819 28 4
20260819 28 5
20260819 28 6
20260819 28 7
20260819 28 8
20260819 28 9
20260819 28 10
20260819 28 11
20260819 28 12
20260819 34 1
20260819 34 2
20260819 34 3
20260819 34 4
20260819 34 5
20260819 34 6
20260819 34 7
20260819 34 8
20260819 34 9
20260819 34 10
20260819 34 11
20260819 34 12
20260819 44 1
20260819 44 2
20260819 44 3
20260819 44 4
20260819 44 5
20260819 44 6
20260819 44 7
20260819 44 8
20260819 44 9
20260819 44 10
20260819 44 11
20260819 44 12
20260819 45 1
20260819 45 2
20260819 45 3
20260819 45 4
20260819 45 5
20260819 45 6
20260819 45 7
20260819 45 8
20260819 45 9
20260819 45 10
20260819 45 11
20260819 45 12
20260819 48 1
20260819 48 2
20260819 48 3
20260819 48 4
20260819 48 5
20260819 48 6
20260819 48 7
20260819 48 8
20260819 48 9
20260819 48 10
20260819 48 11
20260819 48 12
20260819 74 1
20260819 74 2
20260819 74 3
20260819 74 4
20260819 74 5
20260819 74 6
20260819 74 7
20260819 74 8
20260819 74 9
20260819 74 10
20260819 74 11
20260819 74 12
20260819 85 1
20260819 85 2
20260819 85 3
20260819 85 4
20260819 85 5
20260819 85 6
20260819 85 7
20260819 85 8
20260819 85 9
20260819 85 10
20260819 85 11
20260819 85 12
20260820 21 1
20260820 21 2
20260820 21 3
20260820 21 4
20260820 21 5
20260820 21 6
20260820 21 7
20260820 21 8
20260820 21 9
20260820 21 10
20260820 21 11
20260820 21 12
20260820 34 1
20260820 34 2
20260820 34 3
20260820 34 4
20260820 34 5
20260820 34 6
20260820 34 7
20260820 34 8
20260820 34 9
20260820 34 10
20260820 34 11
20260820 34 12
20260820 45 1
20260820 45 2
20260820 45 3
20260820 45 4
20260820 45 5
20260820 45 6
20260820 45 7
20260820 45 8
20260820 45 9
20260820 45 10
20260820 45 11
20260820 45 12
20260820 46 1
20260820 46 2
20260820 46 3
20260820 46 4
20260820 46 5
20260820 46 6
20260820 46 7
20260820 46 8
20260820 46 9
20260820 46 10
20260820 46 11
20260820 46 12
20260820 53 1
20260820 53 2
20260820 53 3
20260820 53 4
20260820 53 5
20260820 53 6
20260820 53 7
20260820 53 8
20260820 53 9
20260820 53 10
20260820 53 11
20260820 53 12
20260820 61 1
20260820 61 2
20260820 61 3
20260820 61 4
20260820 61 5
20260820 61 6
20260820 61 7
20260820 61 8
20260820 61 9
20260820 61 10
20260820 61 11
20260820 61 12
20260820 74 1
20260820 74 2
20260820 74 3
20260820 74 4
20260820 74 5
20260820 74 6
20260820 74 7
20260820 74 8
20260820 74 9
20260820 74 10
20260820 74 11
20260820 74 12
20260820 85 1
20260820 85 2
20260820 85 3
20260820 85 4
20260820 85 5
20260820 85 6
20260820 85 7
20260820 85 8
20260820 85 9
20260820 85 10
20260820 85 11
20260820 85 12
20260821 26 1
20260821 26 2
20260821 26 3
20260821 26 4
20260821 26 5
20260821 26 6
20260821 26 7
20260821 26 8
20260821 26 9
20260821 26 10
20260821 26 11
20260821 26 12
20260821 34 1
20260821 34 2
20260821 34 3
20260821 34 4
20260821 34 5
20260821 34 6
20260821 34 7
20260821 34 8
20260821 34 9
20260821 34 10
20260821 34 11
20260821 34 12
20260821 44 1
20260821 44 2
20260821 44 3
20260821 44 4
20260821 44 5
20260821 44 6
20260821 44 7
20260821 44 8
20260821 44 9
20260821 44 10
20260821 44 11
20260821 44 12
20260821 46 1
20260821 46 2
20260821 46 3
20260821 46 4
20260821 46 5
20260821 46 6
20260821 46 7
20260821 46 8
20260821 46 9
20260821 46 10
20260821 46 11
20260821 46 12
20260821 53 1
20260821 53 2
20260821 53 3
20260821 53 4
20260821 53 5
20260821 53 6
20260821 53 7
20260821 53 8
20260821 53 9
20260821 53 10
20260821 53 11
20260821 53 12
20260821 61 1
20260821 61 2
20260821 61 3
20260821 61 4
20260821 61 5
20260821 61 6
20260821 61 7
20260821 61 8
20260821 61 9
20260821 61 10
20260821 61 11
20260821 61 12
20260821 75 1
20260821 75 2
20260821 75 3
20260821 75 4
20260821 75 5
20260821 75 6
20260821 75 7
20260821 75 8
20260821 75 9
20260821 75 10
20260821 75 11
20260821 75 12
20260821 84 1
20260821 84 2
20260821 84 3
20260821 84 4
20260821 84 5
20260821 84 6
20260821 84 7
20260821 84 8
20260821 84 9
20260821 84 10
20260821 84 11
20260821 84 12
