20260824 12 1
20260824 12 2
20260824 12 3
20260824 12 4
20260824 12 5
20260824 12 6
20260824 12 7
20260824 12 8
20260824 12 9
20260824 12 10
20260824 12 11
20260824 12 12
20260824 24 1
20260824 24 2
20260824 24 3
20260824 24 4
20260824 24 5
20260824 24 6
20260824 24 7
20260824 24 8
20260824 24 9
20260824 24 10
20260824 24 11
20260824 24 12
20260824 28 1
20260824 28 2
20260824 28 3
20260824 28 4
20260824 28 5
20260824 28 6
20260824 28 7
20260824 28 8
20260824 28 9
20260824 28 10
20260824 28 11
20260824 28 12
20260824 31 1
20260824 31 2
20260824 31 3
20260824 31 4
20260824 31 5
20260824 31 6
20260824 31 7
20260824 31 8
20260824 31 9
20260824 31 10
20260824 31 11
20260824 31 12
20260824 43 1
20260824 43 2
20260824 43 3
20260824 43 4
20260824 43 5
20260824 43 6
20260824 43 7
20260824 43 8
20260824 43 9
20260824 43 10
20260824 43 11
20260824 43 12
20260824 55 1
20260824 55 2
20260824 55 3
20260824 55 4
20260824 55 5
20260824 55 6
20260824 55 7
20260824 55 8
20260824 55 9
20260824 55 10
20260824 55 11
20260824 55 12
20260824 63 1
20260824 63 2
20260824 63 3
20260824 63 4
20260824 63 5
20260824 63 6
20260824 63 7
20260824 63 8
20260824 63 9
20260824 63 10
20260824 63 11
20260824 63 12
20260824 87 1
20260824 87 2
20260824 87 3
20260824 87 4
20260824 87 5
20260824 87 6
20260824 87 7
20260824 87 8
20260824 87 9
20260824 87 10
20260824 87 11
20260824 87 12
