20260906 12 1
20260906 12 2
20260906 12 3
20260906 12 4
20260906 12 5
20260906 12 6
20260906 12 7
20260906 12 8
20260906 12 9
20260906 12 10
20260906 12 11
20260906 12 12
20260906 26 1
20260906 26 2
20260906 26 3
20260906 26 4
20260906 26 5
20260906 26 6
20260906 26 7
20260906 26 8
20260906 26 9
20260906 26 10
20260906 26 11
20260906 26 12
20260906 45 1
20260906 45 2
20260906 45 3
20260906 45 4
20260906 45 5
20260906 45 6
20260906 45 7
20260906 45 8
20260906 45 9
20260906 45 10
20260906 45 11
20260906 45 12
20260906 47 1
20260906 47 2
20260906 47 3
20260906 47 4
20260906 47 5
20260906 47 6
20260906 47 7
20260906 47 8
20260906 47 9
20260906 47 10
20260906 47 11
20260906 47 12
20260906 63 1
20260906 63 2
20260906 63 3
20260906 63 4
20260906 63 5
20260906 63 6
20260906 63 7
20260906 63 8
20260906 63 9
20260906 63 10
20260906 63 11
20260906 63 12
20260906 83 1
20260906 83 2
20260906 83 3
20260906 83 4
20260906 83 5
20260906 83 6
20260906 83 7
20260906 83 8
20260906 83 9
20260906 83 10
20260906 83 11
20260906 83 12
